33 0.521939 0.771967 0.039116 0.046025
23 0.446939 0.769351 0.042857 0.038703
11 0.406973 0.793410 0.037075 0.055439
39 0.373469 0.744247 0.046259 0.058577
44 0.488946 0.632584 0.032993 0.028766
4 0.592517 0.808577 0.038095 0.042887
15 0.602041 0.754707 0.040816 0.061715
11 0.338435 0.701621 0.036054 0.044456
48 0.502041 0.810408 0.038776 0.024582
27 0.660544 0.773536 0.059864 0.049163
33 0.652041 0.700052 0.053061 0.047594
30 0.330442 0.768828 0.043878 0.061715
37 0.285884 0.711820 0.043197 0.049163
