6 0.489966 0.627877 0.026871 0.035042
31 0.521429 0.764906 0.031973 0.041318
29 0.600000 0.760983 0.027211 0.046025
6 0.503061 0.811715 0.040816 0.036611
36 0.446429 0.767259 0.043878 0.052301
26 0.377891 0.743462 0.048980 0.047594
46 0.659014 0.729341 0.058844 0.041318
6 0.327381 0.697176 0.056122 0.041841
10 0.281463 0.701098 0.050000 0.064331
44 0.339456 0.763337 0.044218 0.063285
9 0.409524 0.793149 0.042177 0.070607
26 0.593537 0.798902 0.057823 0.050732
49 0.670068 0.774059 0.059184 0.041841
